{
 "cells": [
  {
   "cell_type": "code",
   "execution_count": 1,
   "id": "0063e53f-a281-4b48-8202-215b15039b34",
   "metadata": {},
   "outputs": [],
   "source": [
    "import numpy as np\n",
    "import pandas as pd\n",
    "import matplotlib.pyplot as plt\n",
    "import seaborn as sns"
   ]
  },
  {
   "cell_type": "code",
   "execution_count": 2,
   "id": "f6e0f83b-b7e0-400f-a2ac-65b5484bcf60",
   "metadata": {
    "scrolled": true
   },
   "outputs": [
    {
     "name": "stdout",
     "output_type": "stream",
     "text": [
      "<class 'pandas.core.frame.DataFrame'>\n",
      "RangeIndex: 569 entries, 0 to 568\n",
      "Data columns (total 30 columns):\n",
      " #   Column                   Non-Null Count  Dtype  \n",
      "---  ------                   --------------  -----  \n",
      " 0   mean radius              569 non-null    float64\n",
      " 1   mean texture             569 non-null    float64\n",
      " 2   mean perimeter           569 non-null    float64\n",
      " 3   mean area                569 non-null    float64\n",
      " 4   mean smoothness          569 non-null    float64\n",
      " 5   mean compactness         569 non-null    float64\n",
      " 6   mean concavity           569 non-null    float64\n",
      " 7   mean concave points      569 non-null    float64\n",
      " 8   mean symmetry            569 non-null    float64\n",
      " 9   mean fractal dimension   569 non-null    float64\n",
      " 10  radius error             569 non-null    float64\n",
      " 11  texture error            569 non-null    float64\n",
      " 12  perimeter error          569 non-null    float64\n",
      " 13  area error               569 non-null    float64\n",
      " 14  smoothness error         569 non-null    float64\n",
      " 15  compactness error        569 non-null    float64\n",
      " 16  concavity error          569 non-null    float64\n",
      " 17  concave points error     569 non-null    float64\n",
      " 18  symmetry error           569 non-null    float64\n",
      " 19  fractal dimension error  569 non-null    float64\n",
      " 20  worst radius             569 non-null    float64\n",
      " 21  worst texture            569 non-null    float64\n",
      " 22  worst perimeter          569 non-null    float64\n",
      " 23  worst area               569 non-null    float64\n",
      " 24  worst smoothness         569 non-null    float64\n",
      " 25  worst compactness        569 non-null    float64\n",
      " 26  worst concavity          569 non-null    float64\n",
      " 27  worst concave points     569 non-null    float64\n",
      " 28  worst symmetry           569 non-null    float64\n",
      " 29  worst fractal dimension  569 non-null    float64\n",
      "dtypes: float64(30)\n",
      "memory usage: 133.5 KB\n"
     ]
    }
   ],
   "source": [
    "df=pd.read_csv('cancer_tumor_data_features.csv')\n",
    "df.info()"
   ]
  },
  {
   "cell_type": "markdown",
   "id": "f2c1a903-163e-4dee-bd0a-aa2dac3f1a47",
   "metadata": {},
   "source": [
    "# Standardazation of data"
   ]
  },
  {
   "cell_type": "code",
   "execution_count": 4,
   "id": "b6cce42a-84a5-46c9-8147-9b2dd57dd9eb",
   "metadata": {},
   "outputs": [
    {
     "data": {
      "text/plain": [
       "array([ 1.09706398, -2.07333501,  1.26993369,  0.9843749 ,  1.56846633,\n",
       "        3.28351467,  2.65287398,  2.53247522,  2.21751501,  2.25574689,\n",
       "        2.48973393, -0.56526506,  2.83303087,  2.48757756, -0.21400165,\n",
       "        1.31686157,  0.72402616,  0.66081994,  1.14875667,  0.90708308,\n",
       "        1.88668963, -1.35929347,  2.30360062,  2.00123749,  1.30768627,\n",
       "        2.61666502,  2.10952635,  2.29607613,  2.75062224,  1.93701461])"
      ]
     },
     "execution_count": 4,
     "metadata": {},
     "output_type": "execute_result"
    }
   ],
   "source": [
    "from sklearn.preprocessing import StandardScaler\n",
    "scale=StandardScaler()\n",
    "scaled_X=scale.fit_transform(df)\n",
    "scaled_X[0]"
   ]
  },
  {
   "cell_type": "markdown",
   "id": "d25632c5-4646-445e-ae83-b7ebd5a64494",
   "metadata": {},
   "source": [
    "# calculate covarians matrix"
   ]
  },
  {
   "cell_type": "code",
   "execution_count": 6,
   "id": "903677e6-6185-4bbb-be7e-d25c1ad62302",
   "metadata": {
    "scrolled": true
   },
   "outputs": [
    {
     "data": {
      "text/plain": [
       "array([[ 1.00176056e+00,  3.24351929e-01,  9.99612069e-01,\n",
       "         9.89095475e-01,  1.70881506e-01,  5.07014640e-01,\n",
       "         6.77955036e-01,  8.23976636e-01,  1.48001350e-01,\n",
       "        -3.12179472e-01,  6.80285970e-01, -9.74887767e-02,\n",
       "         6.75358538e-01,  7.37159198e-01, -2.22992026e-01,\n",
       "         2.06362656e-01,  1.94545531e-01,  3.76831225e-01,\n",
       "        -1.04504545e-01, -4.27163418e-02,  9.71245907e-01,\n",
       "         2.97530545e-01,  9.66835698e-01,  9.42739295e-01,\n",
       "         1.19826732e-01,  4.14190751e-01,  5.27839123e-01,\n",
       "         7.45524434e-01,  1.64241985e-01,  7.07832563e-03],\n",
       "       [ 3.24351929e-01,  1.00176056e+00,  3.30113223e-01,\n",
       "         3.21650988e-01, -2.34296930e-02,  2.37118951e-01,\n",
       "         3.02950254e-01,  2.93980713e-01,  7.15266864e-02,\n",
       "        -7.65717560e-02,  2.76354360e-01,  3.87037830e-01,\n",
       "         2.82169018e-01,  2.60302460e-01,  6.62542133e-03,\n",
       "         1.92312595e-01,  1.43545353e-01,  1.64139495e-01,\n",
       "         9.14323671e-03,  5.45533955e-02,  3.53193674e-01,\n",
       "         9.13650301e-01,  3.58669926e-01,  3.44150782e-01,\n",
       "         7.76398084e-02,  2.78318729e-01,  3.01555198e-01,\n",
       "         2.95835766e-01,  1.05192783e-01,  1.19415220e-01],\n",
       "       [ 9.99612069e-01,  3.30113223e-01,  1.00176056e+00,\n",
       "         9.88243612e-01,  2.07643090e-01,  5.57916732e-01,\n",
       "         7.17396452e-01,  8.52475240e-01,  1.83349443e-01,\n",
       "        -2.61937255e-01,  6.92982910e-01, -8.69138267e-02,\n",
       "         6.94355197e-01,  7.46294283e-01, -2.03050882e-01,\n",
       "         2.51185131e-01,  2.28483899e-01,  4.07933847e-01,\n",
       "        -8.17730406e-02, -5.53311534e-03,  9.71183188e-01,\n",
       "         3.03571890e-01,  9.72095315e-01,  9.43207466e-01,\n",
       "         1.50814456e-01,  4.56576647e-01,  5.64872009e-01,\n",
       "         7.72598608e-01,  1.89447989e-01,  5.11083511e-02],\n",
       "       [ 9.89095475e-01,  3.21650988e-01,  9.88243612e-01,\n",
       "         1.00176056e+00,  1.77340047e-01,  4.99379326e-01,\n",
       "         6.87190545e-01,  8.24718286e-01,  1.51559440e-01,\n",
       "        -2.83608244e-01,  7.33851949e-01, -6.63969041e-02,\n",
       "         7.27907603e-01,  8.01494523e-01, -1.67070287e-01,\n",
       "         2.12956816e-01,  2.08025659e-01,  3.72975776e-01,\n",
       "        -7.26242231e-02, -1.99219755e-02,  9.64441062e-01,\n",
       "         2.87994769e-01,  9.60808165e-01,  9.60902082e-01,\n",
       "         1.23740409e-01,  3.91097651e-01,  5.13508396e-01,\n",
       "         7.23287782e-01,  1.43822678e-01,  3.74417763e-03],\n",
       "       [ 1.70881506e-01, -2.34296930e-02,  2.07643090e-01,\n",
       "         1.77340047e-01,  1.00176056e+00,  6.60283643e-01,\n",
       "         5.22902753e-01,  5.54669988e-01,  5.58756786e-01,\n",
       "         5.85821565e-01,  3.01997850e-01,  6.85268821e-02,\n",
       "         2.96613222e-01,  2.46986503e-01,  3.32960611e-01,\n",
       "         3.19504817e-01,  2.48832996e-01,  3.81345895e-01,\n",
       "         2.01127852e-01,  2.84106006e-01,  2.13495353e-01,\n",
       "         3.61353055e-02,  2.39273141e-01,  2.07082304e-01,\n",
       "         8.06742020e-01,  4.73300254e-01,  4.35691429e-01,\n",
       "         5.03939011e-01,  3.95003689e-01,  5.00195447e-01],\n",
       "       [ 5.07014640e-01,  2.37118951e-01,  5.57916732e-01,\n",
       "         4.99379326e-01,  6.60283643e-01,  1.00176056e+00,\n",
       "         8.84675460e-01,  8.32598309e-01,  6.03702036e-01,\n",
       "         5.66364031e-01,  4.98349280e-01,  4.62861772e-02,\n",
       "         5.49871647e-01,  4.56455058e-01,  1.35537471e-01,\n",
       "         7.40022356e-01,  5.71521303e-01,  6.43392594e-01,\n",
       "         2.30381479e-01,  5.08211293e-01,  5.36257855e-01,\n",
       "         2.48569687e-01,  5.91249531e-01,  5.10500995e-01,\n",
       "         5.66536837e-01,  8.67333351e-01,  8.17712354e-01,\n",
       "         8.17009092e-01,  5.11121711e-01,  6.88592503e-01],\n",
       "       [ 6.77955036e-01,  3.02950254e-01,  7.17396452e-01,\n",
       "         6.87190545e-01,  5.22902753e-01,  8.84675460e-01,\n",
       "         1.00176056e+00,  9.23013194e-01,  5.01548072e-01,\n",
       "         3.37376288e-01,  6.33037366e-01,  7.63525354e-02,\n",
       "         6.61553447e-01,  6.18513825e-01,  9.87372735e-02,\n",
       "         6.71458893e-01,  6.92487233e-01,  6.84462839e-01,\n",
       "         1.78322604e-01,  4.50091771e-01,  6.89448091e-01,\n",
       "         3.00406844e-01,  7.30849362e-01,  6.77177350e-01,\n",
       "         4.49612218e-01,  7.56297185e-01,  8.85659158e-01,\n",
       "         8.62839447e-01,  4.10185014e-01,  5.15836457e-01],\n",
       "       [ 8.23976636e-01,  2.93980713e-01,  8.52475240e-01,\n",
       "         8.24718286e-01,  5.54669988e-01,  8.32598309e-01,\n",
       "         9.23013194e-01,  1.00176056e+00,  4.63311644e-01,\n",
       "         1.67211252e-01,  6.99278795e-01,  2.15173981e-02,\n",
       "         7.11901016e-01,  6.91513854e-01,  2.77019938e-02,\n",
       "         4.91287673e-01,  4.39940250e-01,  6.16717994e-01,\n",
       "         9.55186580e-02,  2.58037239e-01,  8.31779458e-01,\n",
       "         2.93267121e-01,  8.57430035e-01,  8.11055024e-01,\n",
       "         4.53550155e-01,  6.68628771e-01,  7.53724145e-01,\n",
       "         9.11757700e-01,  3.76405667e-01,  3.69310185e-01],\n",
       "       [ 1.48001350e-01,  7.15266864e-02,  1.83349443e-01,\n",
       "         1.51559440e-01,  5.58756786e-01,  6.03702036e-01,\n",
       "         5.01548072e-01,  4.63311644e-01,  1.00176056e+00,\n",
       "         4.80766262e-01,  3.03913382e-01,  1.28278372e-01,\n",
       "         3.14445389e-01,  2.24364533e-01,  1.87650956e-01,\n",
       "         4.22401505e-01,  3.43230240e-01,  3.93990298e-01,\n",
       "         4.49927276e-01,  3.32370277e-01,  1.86054739e-01,\n",
       "         9.08102844e-02,  2.19554419e-01,  1.77505338e-01,\n",
       "         4.27426215e-01,  4.74033112e-01,  4.34484601e-01,\n",
       "         4.31054176e-01,  7.01057885e-01,  4.39185353e-01],\n",
       "       [-3.12179472e-01, -7.65717560e-02, -2.61937255e-01,\n",
       "        -2.83608244e-01,  5.85821565e-01,  5.66364031e-01,\n",
       "         3.37376288e-01,  1.67211252e-01,  4.80766262e-01,\n",
       "         1.00176056e+00,  1.11190486e-04,  1.64463005e-01,\n",
       "         3.99000547e-02, -9.03289980e-02,  4.02672109e-01,\n",
       "         5.60822319e-01,  4.47416643e-01,  3.41798745e-01,\n",
       "         3.45614805e-01,  6.89343077e-01, -2.54138135e-01,\n",
       "        -5.13594647e-02, -2.05512393e-01, -2.32262646e-01,\n",
       "         5.05831058e-01,  4.59605900e-01,  3.46843443e-01,\n",
       "         1.75634121e-01,  3.34606745e-01,  7.68647654e-01],\n",
       "       [ 6.80285970e-01,  2.76354360e-01,  6.92982910e-01,\n",
       "         7.33851949e-01,  3.01997850e-01,  4.98349280e-01,\n",
       "         6.33037366e-01,  6.99278795e-01,  3.03913382e-01,\n",
       "         1.11190486e-04,  1.00176056e+00,  2.13622773e-01,\n",
       "         9.74506342e-01,  9.53505869e-01,  1.64803858e-01,\n",
       "         3.56691450e-01,  3.32942674e-01,  5.14250220e-01,\n",
       "         2.40990897e-01,  2.28154507e-01,  7.16324113e-01,\n",
       "         1.95141512e-01,  7.20950853e-01,  7.52871625e-01,\n",
       "         1.42168410e-01,  2.87608629e-01,  3.81254678e-01,\n",
       "         5.31997297e-01,  9.47092790e-02,  4.96466850e-02],\n",
       "       [-9.74887767e-02,  3.87037830e-01, -8.69138267e-02,\n",
       "        -6.63969041e-02,  6.85268821e-02,  4.62861772e-02,\n",
       "         7.63525354e-02,  2.15173981e-02,  1.28278372e-01,\n",
       "         1.64463005e-01,  2.13622773e-01,  1.00176056e+00,\n",
       "         2.23563635e-01,  1.11763668e-01,  3.97942224e-01,\n",
       "         2.32107621e-01,  1.95341772e-01,  2.30688828e-01,\n",
       "         4.12345364e-01,  2.80215217e-01, -1.11886951e-01,\n",
       "         4.09722842e-01, -1.02421925e-01, -8.33414586e-02,\n",
       "        -7.37873381e-02, -9.26020990e-02, -6.90776223e-02,\n",
       "        -1.19848153e-01, -1.28440488e-01, -4.57349464e-02],\n",
       "       [ 6.75358538e-01,  2.82169018e-01,  6.94355197e-01,\n",
       "         7.27907603e-01,  2.96613222e-01,  5.49871647e-01,\n",
       "         6.61553447e-01,  7.11901016e-01,  3.14445389e-01,\n",
       "         3.99000547e-02,  9.74506342e-01,  2.23563635e-01,\n",
       "         1.00176056e+00,  9.39306209e-01,  1.51341309e-01,\n",
       "         4.17055330e-01,  3.63119754e-01,  5.57243422e-01,\n",
       "         2.66956259e-01,  2.44572602e-01,  6.98428059e-01,\n",
       "         2.00723620e-01,  7.22300731e-01,  7.31999440e-01,\n",
       "         1.30283361e-01,  3.42521416e-01,  4.19636314e-01,\n",
       "         5.55874162e-01,  1.10123974e-01,  8.55829815e-02],\n",
       "       [ 7.37159198e-01,  2.60302460e-01,  7.46294283e-01,\n",
       "         8.01494523e-01,  2.46986503e-01,  4.56455058e-01,\n",
       "         6.18513825e-01,  6.91513854e-01,  2.24364533e-01,\n",
       "        -9.03289980e-02,  9.53505869e-01,  1.11763668e-01,\n",
       "         9.39306209e-01,  1.00176056e+00,  7.52826451e-02,\n",
       "         2.85341536e-01,  2.71371654e-01,  4.16461487e-01,\n",
       "         1.34345087e-01,  1.27294619e-01,  7.58706592e-01,\n",
       "         1.96842594e-01,  7.62552799e-01,  8.12836496e-01,\n",
       "         1.25610187e-01,  2.83755229e-01,  3.85778129e-01,\n",
       "         5.39113790e-01,  7.42567956e-02,  1.75701742e-02],\n",
       "       [-2.22992026e-01,  6.62542133e-03, -2.03050882e-01,\n",
       "        -1.67070287e-01,  3.32960611e-01,  1.35537471e-01,\n",
       "         9.87372735e-02,  2.77019938e-02,  1.87650956e-01,\n",
       "         4.02672109e-01,  1.64803858e-01,  3.97942224e-01,\n",
       "         1.51341309e-01,  7.52826451e-02,  1.00176056e+00,\n",
       "         3.37288855e-01,  2.69157796e-01,  3.29007720e-01,\n",
       "         4.14234129e-01,  4.28126626e-01, -2.31096855e-01,\n",
       "        -7.48745546e-02, -2.17686332e-01, -1.82516245e-01,\n",
       "         3.15011078e-01, -5.56559523e-02, -5.84010247e-02,\n",
       "        -1.02186386e-01, -1.07531080e-01,  1.01658978e-01],\n",
       "       [ 2.06362656e-01,  1.92312595e-01,  2.51185131e-01,\n",
       "         2.12956816e-01,  3.19504817e-01,  7.40022356e-01,\n",
       "         6.71458893e-01,  4.91287673e-01,  4.22401505e-01,\n",
       "         5.60822319e-01,  3.56691450e-01,  2.32107621e-01,\n",
       "         4.17055330e-01,  2.85341536e-01,  3.37288855e-01,\n",
       "         1.00176056e+00,  8.02679026e-01,  7.45392672e-01,\n",
       "         3.95407752e-01,  8.04683023e-01,  2.04967390e-01,\n",
       "         1.43254348e-01,  2.60974494e-01,  1.99722335e-01,\n",
       "         2.27794574e-01,  6.79975390e-01,  6.40271956e-01,\n",
       "         4.84059046e-01,  2.78367653e-01,  5.92013208e-01],\n",
       "       [ 1.94545531e-01,  1.43545353e-01,  2.28483899e-01,\n",
       "         2.08025659e-01,  2.48832996e-01,  5.71521303e-01,\n",
       "         6.92487233e-01,  4.39940250e-01,  3.43230240e-01,\n",
       "         4.47416643e-01,  3.32942674e-01,  1.95341772e-01,\n",
       "         3.63119754e-01,  2.71371654e-01,  2.69157796e-01,\n",
       "         8.02679026e-01,  1.00176056e+00,  7.73162805e-01,\n",
       "         3.09973347e-01,  7.28652769e-01,  1.87232571e-01,\n",
       "         1.00417464e-01,  2.27079511e-01,  1.88684259e-01,\n",
       "         1.68777943e-01,  4.85711424e-01,  6.63730620e-01,\n",
       "         4.41247742e-01,  1.98136040e-01,  4.40102736e-01],\n",
       "       [ 3.76831225e-01,  1.64139495e-01,  4.07933847e-01,\n",
       "         3.72975776e-01,  3.81345895e-01,  6.43392594e-01,\n",
       "         6.84462839e-01,  6.16717994e-01,  3.93990298e-01,\n",
       "         3.41798745e-01,  5.14250220e-01,  2.30688828e-01,\n",
       "         5.57243422e-01,  4.16461487e-01,  3.29007720e-01,\n",
       "         7.45392672e-01,  7.73162805e-01,  1.00176056e+00,\n",
       "         3.13330893e-01,  6.12119921e-01,  3.58757174e-01,\n",
       "         8.68939233e-02,  3.95694673e-01,  3.42873752e-01,\n",
       "         2.15729735e-01,  4.53685716e-01,  5.50559967e-01,\n",
       "         6.03510257e-01,  1.43367633e-01,  3.11201479e-01],\n",
       "       [-1.04504545e-01,  9.14323671e-03, -8.17730406e-02,\n",
       "        -7.26242231e-02,  2.01127852e-01,  2.30381479e-01,\n",
       "         1.78322604e-01,  9.55186580e-02,  4.49927276e-01,\n",
       "         3.45614805e-01,  2.40990897e-01,  4.12345364e-01,\n",
       "         2.66956259e-01,  1.34345087e-01,  4.14234129e-01,\n",
       "         3.95407752e-01,  3.09973347e-01,  3.13330893e-01,\n",
       "         1.00176056e+00,  3.69727869e-01, -1.28346334e-01,\n",
       "        -7.76098171e-02, -1.03935708e-01, -1.10537008e-01,\n",
       "        -1.26840915e-02,  6.03609620e-02,  3.71843990e-02,\n",
       "        -3.04669411e-02,  3.90088053e-01,  7.82169401e-02],\n",
       "       [-4.27163418e-02,  5.45533955e-02, -5.53311534e-03,\n",
       "        -1.99219755e-02,  2.84106006e-01,  5.08211293e-01,\n",
       "         4.50091771e-01,  2.58037239e-01,  3.32370277e-01,\n",
       "         6.89343077e-01,  2.28154507e-01,  2.80215217e-01,\n",
       "         2.44572602e-01,  1.27294619e-01,  4.28126626e-01,\n",
       "         8.04683023e-01,  7.28652769e-01,  6.12119921e-01,\n",
       "         3.69727869e-01,  1.00176056e+00, -3.75536172e-02,\n",
       "        -3.20065392e-03, -1.00215889e-03, -2.27761757e-02,\n",
       "         1.70868612e-01,  3.90845741e-01,  3.80643631e-01,\n",
       "         2.15582894e-01,  1.11289544e-01,  5.92369136e-01],\n",
       "       [ 9.71245907e-01,  3.53193674e-01,  9.71183188e-01,\n",
       "         9.64441062e-01,  2.13495353e-01,  5.36257855e-01,\n",
       "         6.89448091e-01,  8.31779458e-01,  1.86054739e-01,\n",
       "        -2.54138135e-01,  7.16324113e-01, -1.11886951e-01,\n",
       "         6.98428059e-01,  7.58706592e-01, -2.31096855e-01,\n",
       "         2.04967390e-01,  1.87232571e-01,  3.58757174e-01,\n",
       "        -1.28346334e-01, -3.75536172e-02,  1.00176056e+00,\n",
       "         3.60554418e-01,  9.95457402e-01,  9.85746984e-01,\n",
       "         2.16955724e-01,  4.76657749e-01,  5.74985227e-01,\n",
       "         7.88810161e-01,  2.43957953e-01,  9.36565772e-02],\n",
       "       [ 2.97530545e-01,  9.13650301e-01,  3.03571890e-01,\n",
       "         2.87994769e-01,  3.61353055e-02,  2.48569687e-01,\n",
       "         3.00406844e-01,  2.93267121e-01,  9.08102844e-02,\n",
       "        -5.13594647e-02,  1.95141512e-01,  4.09722842e-01,\n",
       "         2.00723620e-01,  1.96842594e-01, -7.48745546e-02,\n",
       "         1.43254348e-01,  1.00417464e-01,  8.68939233e-02,\n",
       "        -7.76098171e-02, -3.20065392e-03,  3.60554418e-01,\n",
       "         1.00176056e+00,  3.65741024e-01,  3.46451160e-01,\n",
       "         2.25826298e-01,  3.61467607e-01,  3.69014138e-01,\n",
       "         3.60387980e-01,  2.33437721e-01,  2.19508204e-01],\n",
       "       [ 9.66835698e-01,  3.58669926e-01,  9.72095315e-01,\n",
       "         9.60808165e-01,  2.39273141e-01,  5.91249531e-01,\n",
       "         7.30849362e-01,  8.57430035e-01,  2.19554419e-01,\n",
       "        -2.05512393e-01,  7.20950853e-01, -1.02421925e-01,\n",
       "         7.22300731e-01,  7.62552799e-01, -2.17686332e-01,\n",
       "         2.60974494e-01,  2.27079511e-01,  3.95694673e-01,\n",
       "        -1.03935708e-01, -1.00215889e-03,  9.95457402e-01,\n",
       "         3.65741024e-01,  1.00176056e+00,  9.79299180e-01,\n",
       "         2.37191461e-01,  5.30339746e-01,  6.19432713e-01,\n",
       "         8.17759288e-01,  2.69967228e-01,  1.39201504e-01],\n",
       "       [ 9.42739295e-01,  3.44150782e-01,  9.43207466e-01,\n",
       "         9.60902082e-01,  2.07082304e-01,  5.10500995e-01,\n",
       "         6.77177350e-01,  8.11055024e-01,  1.77505338e-01,\n",
       "        -2.32262646e-01,  7.52871625e-01, -8.33414586e-02,\n",
       "         7.31999440e-01,  8.12836496e-01, -1.82516245e-01,\n",
       "         1.99722335e-01,  1.88684259e-01,  3.42873752e-01,\n",
       "        -1.10537008e-01, -2.27761757e-02,  9.85746984e-01,\n",
       "         3.46451160e-01,  9.79299180e-01,  1.00176056e+00,\n",
       "         2.09513547e-01,  4.39067932e-01,  5.44287093e-01,\n",
       "         7.48734680e-01,  2.09513722e-01,  7.97872577e-02],\n",
       "       [ 1.19826732e-01,  7.76398084e-02,  1.50814456e-01,\n",
       "         1.23740409e-01,  8.06742020e-01,  5.66536837e-01,\n",
       "         4.49612218e-01,  4.53550155e-01,  4.27426215e-01,\n",
       "         5.05831058e-01,  1.42168410e-01, -7.37873381e-02,\n",
       "         1.30283361e-01,  1.25610187e-01,  3.15011078e-01,\n",
       "         2.27794574e-01,  1.68777943e-01,  2.15729735e-01,\n",
       "        -1.26840915e-02,  1.70868612e-01,  2.16955724e-01,\n",
       "         2.25826298e-01,  2.37191461e-01,  2.09513547e-01,\n",
       "         1.00176056e+00,  5.69186845e-01,  5.19436186e-01,\n",
       "         5.48655147e-01,  4.94707764e-01,  6.18711558e-01],\n",
       "       [ 4.14190751e-01,  2.78318729e-01,  4.56576647e-01,\n",
       "         3.91097651e-01,  4.73300254e-01,  8.67333351e-01,\n",
       "         7.56297185e-01,  6.68628771e-01,  4.74033112e-01,\n",
       "         4.59605900e-01,  2.87608629e-01, -9.26020990e-02,\n",
       "         3.42521416e-01,  2.83755229e-01, -5.56559523e-02,\n",
       "         6.79975390e-01,  4.85711424e-01,  4.53685716e-01,\n",
       "         6.03609620e-02,  3.90845741e-01,  4.76657749e-01,\n",
       "         3.61467607e-01,  5.30339746e-01,  4.39067932e-01,\n",
       "         5.69186845e-01,  1.00176056e+00,  8.93831781e-01,\n",
       "         8.02490717e-01,  6.15522263e-01,  8.11881713e-01],\n",
       "       [ 5.27839123e-01,  3.01555198e-01,  5.64872009e-01,\n",
       "         5.13508396e-01,  4.35691429e-01,  8.17712354e-01,\n",
       "         8.85659158e-01,  7.53724145e-01,  4.34484601e-01,\n",
       "         3.46843443e-01,  3.81254678e-01, -6.90776223e-02,\n",
       "         4.19636314e-01,  3.85778129e-01, -5.84010247e-02,\n",
       "         6.40271956e-01,  6.63730620e-01,  5.50559967e-01,\n",
       "         3.71843990e-02,  3.80643631e-01,  5.74985227e-01,\n",
       "         3.69014138e-01,  6.19432713e-01,  5.44287093e-01,\n",
       "         5.19436186e-01,  8.93831781e-01,  1.00176056e+00,\n",
       "         8.56939906e-01,  5.33457264e-01,  6.87719567e-01],\n",
       "       [ 7.45524434e-01,  2.95835766e-01,  7.72598608e-01,\n",
       "         7.23287782e-01,  5.03939011e-01,  8.17009092e-01,\n",
       "         8.62839447e-01,  9.11757700e-01,  4.31054176e-01,\n",
       "         1.75634121e-01,  5.31997297e-01, -1.19848153e-01,\n",
       "         5.55874162e-01,  5.39113790e-01, -1.02186386e-01,\n",
       "         4.84059046e-01,  4.41247742e-01,  6.03510257e-01,\n",
       "        -3.04669411e-02,  2.15582894e-01,  7.88810161e-01,\n",
       "         3.60387980e-01,  8.17759288e-01,  7.48734680e-01,\n",
       "         5.48655147e-01,  8.02490717e-01,  8.56939906e-01,\n",
       "         1.00176056e+00,  5.03413227e-01,  5.12013995e-01],\n",
       "       [ 1.64241985e-01,  1.05192783e-01,  1.89447989e-01,\n",
       "         1.43822678e-01,  3.95003689e-01,  5.11121711e-01,\n",
       "         4.10185014e-01,  3.76405667e-01,  7.01057885e-01,\n",
       "         3.34606745e-01,  9.47092790e-02, -1.28440488e-01,\n",
       "         1.10123974e-01,  7.42567956e-02, -1.07531080e-01,\n",
       "         2.78367653e-01,  1.98136040e-01,  1.43367633e-01,\n",
       "         3.90088053e-01,  1.11289544e-01,  2.43957953e-01,\n",
       "         2.33437721e-01,  2.69967228e-01,  2.09513722e-01,\n",
       "         4.94707764e-01,  6.15522263e-01,  5.33457264e-01,\n",
       "         5.03413227e-01,  1.00176056e+00,  5.38795122e-01],\n",
       "       [ 7.07832563e-03,  1.19415220e-01,  5.11083511e-02,\n",
       "         3.74417763e-03,  5.00195447e-01,  6.88592503e-01,\n",
       "         5.15836457e-01,  3.69310185e-01,  4.39185353e-01,\n",
       "         7.68647654e-01,  4.96466850e-02, -4.57349464e-02,\n",
       "         8.55829815e-02,  1.75701742e-02,  1.01658978e-01,\n",
       "         5.92013208e-01,  4.40102736e-01,  3.11201479e-01,\n",
       "         7.82169401e-02,  5.92369136e-01,  9.36565772e-02,\n",
       "         2.19508204e-01,  1.39201504e-01,  7.97872577e-02,\n",
       "         6.18711558e-01,  8.11881713e-01,  6.87719567e-01,\n",
       "         5.12013995e-01,  5.38795122e-01,  1.00176056e+00]])"
      ]
     },
     "execution_count": 6,
     "metadata": {},
     "output_type": "execute_result"
    }
   ],
   "source": [
    "covariance_matrix=np.cov(scaled_X , rowvar=False)\n",
    "covariance_matrix"
   ]
  },
  {
   "cell_type": "markdown",
   "id": "e9e66bc3-245e-4289-813f-6150c895d06f",
   "metadata": {},
   "source": [
    "# calculate eigen vector & eigen value"
   ]
  },
  {
   "cell_type": "code",
   "execution_count": 8,
   "id": "bec5e432-8a00-48a0-9dc8-364270222710",
   "metadata": {},
   "outputs": [],
   "source": [
    "eigen_values , eigen_vectors = np.linalg.eig(covariance_matrix)"
   ]
  },
  {
   "cell_type": "markdown",
   "id": "37289a0a-3910-469d-b5c0-7be7a0cb24cd",
   "metadata": {},
   "source": [
    "# principal components with value 2"
   ]
  },
  {
   "cell_type": "code",
   "execution_count": 9,
   "id": "28f939c5-4c9a-48e5-98da-399cb8ae709b",
   "metadata": {},
   "outputs": [],
   "source": [
    "num_components=2"
   ]
  },
  {
   "cell_type": "code",
   "execution_count": 13,
   "id": "a66cf886-6f8f-43f5-bc86-6dfaa94cd942",
   "metadata": {},
   "outputs": [],
   "source": [
    "# get index sorting key based on eigen values\n",
    "sorted_keys=np.argsort(eigen_values)[::-1][:num_components]"
   ]
  },
  {
   "cell_type": "code",
   "execution_count": 14,
   "id": "941f2a4e-12b1-4547-a566-dfe7b7274988",
   "metadata": {},
   "outputs": [],
   "source": [
    "# get num_components of eigen values and eigen vectors\n",
    "eigen_values , eigen_vectors = eigen_values[sorted_keys] , eigen_vectors[:,sorted_keys]"
   ]
  },
  {
   "cell_type": "code",
   "execution_count": 15,
   "id": "37b1d075-74a8-47cd-84a0-9a77d3359e8d",
   "metadata": {},
   "outputs": [],
   "source": [
    "principal_component=np.dot(scaled_X , eigen_vectors)"
   ]
  },
  {
   "cell_type": "markdown",
   "id": "9b4e418e-4de5-4ff0-9da9-0032721efc15",
   "metadata": {},
   "source": [
    "# show data with principal components"
   ]
  },
  {
   "cell_type": "code",
   "execution_count": 26,
   "id": "e67073a1-c838-49cc-8713-32af5eeee5b0",
   "metadata": {},
   "outputs": [
    {
     "data": {
      "text/plain": [
       "Text(0, 0.5, '2en principal component')"
      ]
     },
     "execution_count": 26,
     "metadata": {},
     "output_type": "execute_result"
    },
    {
     "data": {
